4272834110853725853
6077783037781505013
3332441836972115861
3612255709108634008
82258608879392262
8196097060819749891
3380226506564654693
8410483612575970660
2771883884619624148
6173031600648576461
4467053925056183752
1350954618004862213
2849508794938636741
6790209014820508904
3733269409767227490
5023838299106689143
1241561402273114946
2833537582566780373
1108845840877209860
2044920462804321810
1134200612811404427
3601476449271487299
9066790436713264639
4395101196933693655
751403089111416018
4697792778411309002
122571965514562469
1832827577689032983
249738938685518645
2883739969024721157
2987383500100565544
6579025795464427815
3347603292597610560
8204162628490461544
1225720746880558572
2586577455515180196
7916289598469806872
2218638387943657841
675004418913147683
1948297454396883663
4413022593363879985
8573285628602822036
7881066025738265869
1324011549887771883
3605786521755425904
4808247637330110773
1725995908051421772
3222007450991021365
7230155224040115583
8047238209966539086
9028983572218913032
175627893333536971
9135791343766594879
3451773014225719556
7490391124250822164
133287081427367459
6488433967891199426
3165986894057509094
5831611909093029133
5989624225641598791
3552954636589731712
2306999722796202007
4352493375579354177
8559488266812833538
6990033191585923419
3200924355099980792
1531681226666551093
59169641090754019
845253458273384782
8438215555995434435
8699789444783382082
8126044333171736293
1857277824866477332
4305716301435304886
1306231538231767604
92049588178804602
3871191174705673789
4450830543013598861
974901109616158454
5033598769697729849
6539443314976325920
1904618946282764685
4501202578161579379
7426920272436563250
6653818741063453902
8628719448841826988
5504670781135839631
4995341686835277697
2007626006114501832
4502046997581181748
310282017295703842
3657675633978751321
3828866046067296493
9087614203608304130
2993241229358205050
8739228555851079766
8902039668665480282
7538727637812791194
6333694377071396208
1973771808308587567
8086858441602419250
2939313388748784403
4674936510048158954
3899823104471063735
1453166584534900942
2364667037267281725
5177424754272819188
2062223092770817369
8782469149371734518
7653836525850444601
8297788096160586343
7446587482038810584
1543973486224765090
7759471465026298629
7074748254248103924
1483078880013267733
2304676801042595826
6093755387040459865
